405
406
407
408
409
410
411
412
413
414
415
416
417
418
419
420
421
422
423
424
425
426
427
428
429
430
431
432
434
435
436
437
438
439
440
441
442
443
444
445
446
447
448
449
450
451
452
453
454
455
456
457
458
459
460
461
462
463
464
465
466
467
468
469
470
471
472
473
474
475
476
477
478
479
480
481
482
483
484
485
486
487
488
489
490
491
492
493
494
495
496
497
498
499
500
501
502
503
504
505
506
507
508
509
510
511
512
513
514
515
516
517
518
519
520
521
522
523
524
525
526
527
528
529
530
531
532
533
534
535
536
537
538
539
540
541
542
543
544
545
546
547
548
549
550
551
552
553
554
555
556
557
558
559
560
561
564
565
566
567
568
569
572
573
575
576
577
578
579
580
581
582
583
585
587
588
589
590
591
592
593
594
595
596
597
599
600
601
605
606
607
608
609
610
611
613
614
615
616
618
619
620
621
622
623
624
625
626
628
629
630
631
632
633
634
635
636
637
638
639
640
641
642
643
645
646
647
648
649
650
651
652
653
654
655
656
658
659
661
662
663
664
666
667
669
670
671
672
676
677
678
679
680
681
682
683
684
685
686
687
688
689
690
691
692
695
696
697
698
699
700
701
702
703
704
705
706
707
708
710
711
712
713
714
715
716
717
718
719
720
721
723
724
725
726
727
728
729
731
732
733
735
736
737
739
740
741
742
744
745
746
747
748
749
750
751
752
753
755
756
758
759
760
761
763
764
765
766
767
768
769
770
771
772
774
775
776
778
779
780
781
782
783
785
786
787
788
789
790
791
1868
1665
1530
1688
1613
1459
634
1564
1893
782
1499
1483
720
1972
1794
1699
1941
535
636
429
517
516
1939
789
1761
1512
438
1809
692
508
698
1744
931
1759
663
548
445
1617
717
799
1859
1549
565
521
1568
787
1777
1806
490
1623
711
550
1542
776
559
1854
1548
767
424
1485
683
690
1505
1852
487
1489
536
1733
737
1725
1894
921
533
1714
1711
1866
939
1782
614
707
1604
805
485
600
539
1602
1550
648
1832
935
768
1552
1662
455
610
637
1523
645
795
744
575
616
1890
1887
581
1496
473
806
1776
469
1618
817
1547
2011
1648
1787
495
1553
706
1905
412
513
506
1524
1525
1816
1514
712
1895
1950
629
1917
1938
507
1664
1913
1504
1727
710
1684
1614
582
578
1772
778
417
753
1692
2013
606
1900
1712
1793
544
1730
1627
1629
758
1723
747
640
493
770
408
1479
1831
1673
452
1860
1467
659
1634
721
1704
532
651
1889
1826
1731
545
1724
499
1668
927
1578
705
1770
503
1795
1658
1535
1632
1497
794
1827
427
1799
624
780
566
1878
1608
1925
1903
1768
740
441
681
1877
1757
1784
1683
1565
944
522
595
1598
1661
472
671
543
1791
588
700
618
1968
1474
1707
1625
1833
1500
1716
928
1765
1812
435
1797
1798
530
1929
410
1824
1561
1539
421
1850
691
615
1563
1892
1884
772
492
1615
1928
557
1591
1773
1790
470
1769
1742
764
462
775
699
1507
460
505
1596
798
449
1631
1751
1472
1934
1873
454
1973
621
1557
1800
1749
654
1916
512
551
620
752
664
2012
1462
486
1853
564
748
1908
785
1856
719
1881
912
1814
1754
526
580
1515
1844
1582
1705
1851
2010
929
405
477
501
765
481
1786
1460
682
622
1518
413
1647
1904
1709
725
1874
541
1644
667
1788
802
1891
1922
1691
467
783
1463
650
769
1741
1626
1592
1886
1839
1882
1750
1589
1559
1590
1466
1948
1654
489
1486
1865
1574
1481
1896
542
1752
1599
1541
1652
1946
1522
528
1572
1822
1931
450
1842
440
461
1858
630
1923
1475
1532
679
510
1767
1659
810
549
680
1888
1619
815
1966
1942
635
1580
1509
554
1869
1666
761
1932
1546
1910
656
1537
742
1779
568
1778
791
555
788
914
1771
792
1728
703
583
1551
1687
596
1556
1491
925
406
639
689
1901
597
1949
589
609
1653
1947
560
1940
1593
1611
631
718
1487
1657
482
1830
733
1937
714
1480
1836
1569
1764
484
1829
1576
1708
766
1920
658
781
751
1579
1864
1544
670
813
494
1746
1845
1540
1743
448
1971
1588
1616
1693
1803
1520
1802
1667
926
1921
1502
1488
1875
1796
432
1740
1597
457
407
1722
1885
1718
676
451
1911
917
702
496
1558
735
811
1719
1534
756
801
1838
1808
684
1630
923
1570
1640
1519
685
590
504
1801
500
1872
1583
525
1645
1620
803
1813
1828
771
502
1783
1635
653
1600
